3717
22995
7473
2274
80270
331
25942
1763
4901
1634
10060
7482
7471
128674
23530
4920
6336
899
1727
1021
2778
2158
126792
4842
1144
7490
5293
9742
1020
23175
53405
7099
4439
1832
25
5594
3181
4953
3815
1062
51132
2904
2048
843
84100
18
799
7046
3035
57502
2200
3973
10667
10155
2775
6514
729238
2068
1019
816
335
1235
1814
1140
3572
2956
1739
633
4668
54894
186
3593
596
779
50617
5580
7915
3293
23064
50
2050
1294
399
1759
2660
175
6768
2774
5723
5243
51741
6455
92335
4094
3791
6531
197
2324
23767
259266
5352
2475
7040
10461
1356
23020
1013
6657
87178
6714
6197
7852
1282
5582
6496
658
5236
3561
217
79991
7299
9672
547
51816
3350
2488
3785
5740
713
3417
5130
7337
4915
975
2717
2558
2556
22954
10457
146057
5745
545
1001
3313
79718
2625
712
6121
2155
5718
8106
6513
5979
5378
23092
383
6716
5327
9927
5395
2906
10641
2902
7098
3048
7139
6888
894
5351
5618
5328
3483
4689
1581
6792
2720
5058
2566
5468
10112
3553
6334
4598
50814
8701
6324
23327
121340
5915
8200
6049
7030
4976
540
120892
149233
2322
10083
5993
65266
6092
4544
84634
9343
5604
1289
220
1545
9244
51
2984
653361
860
2064
1376
1131
3630
2318
10585
2560
1441
64321
64218
5624
64446
24140
7043
8675
815
1557
3329
5972
1969
5339
3273
3746
1548
57731
65018
857
5530
5189
6347
24137
90
6804
1678
50937
2317
6095
1278
6342
1816
4436
148789
7421
23288
5159
10525
10370
9790
2263
57539
7341
23224
2122
6427
1742
5230
6103
6938
8737
4638
51733
3718
4148
83544
3569
6548
581
9935
7275
1813
79659
51135
3651
30011
1280
8795
3689
1501
498
6571
3977
5880
2624
5116
93589
5063
790
7535
6934
183
27316
54888
6609
3778
462
652
3690
65109
1938
5190
4853
9451
3557
23095
2688
7486
4952
1956
6709
93
3763
6331
116519
5295
80326
3242
51218
65125
114548
1717
4854
7039
1565
6556
7068
5296
5371
1293
64072
10381
55651
440275
3759
64240
5605
55572
375
1512
94
2916
5424
6890
5621
3482
10008
140628
1145
10747
472
6335
23607
4485
2328
673
348
10371
23028
2562
990
84282
6329
999
1075
4437
3753
2780
6389
3953
100
3972
27030
9681
2591
9493
3588
3590
2642
155
23189
23345
6495
4522
1559
640
4942
1513
80254
5698
36
1137
54443
3832
9817
8452
54361
3798
4790
374654
1284
2584
5048
4038
2555
653509
6391
1508
2776
6870
8985
330
5447
4322
4719
222546
846
4353
1629
9971
7385
26249
29954
56992
1298
10133
10801
1080
1585
2773
23250
1892
2771
7468
8671
9723
7048
1890
1136
54413
166378
116442
7253
2066
79876
10312
554
5660
6662
4205
2316
1848
56603
2623
3702
3624
4851
81603
1308
54820
3782
5978
57167
7170
6712
5054
4016
1373
1281
2903
84667
2678
23435
151
2072
7067
3786
3984
1778
4143
63924
3654
1583
1806
4909
9320
9469
2911
9180
1756
79947
80324
8036
695
6608
595
27229
998
7480
5879
2260
10588
8647
10262
10019
1436
3480
1959
23395
284119
4914
5052
7097
5167
2512
5663
89891
10584
8560
25970
7042
3745
26053
29968
501
4035
1297
6708
4233
5265
5073
7280
23522
11231
7867
55703
122553
2811
7874
1917
5313
10939
6925
26160
5981
1303
2626
4323
9969
5894
9533
23043
4869
5325
9179
60495
25861
4913
3587
2053
2035
2658
8676
5591
4208
274
558
4552
55605
1146
5071
4846
3090
85366
27125
9928
1292
8431
657
8443
1438
6017
716
818
1374
3766
1636
23096
23414
387
2321
6833
715
137682
4313
2201
3000
3178
145226
5321
861
2632
778
64127
27019
7010
3752
9342
8295
196
3643
6794
775
1947
5034
7994
3708
6262
6448
78989
6323
5664
10126
10483
24148
710
1290
2743
3077
2153
1646
83990
5340
23114
10736
4015
1741
1950
3784
7436
3949
627
10765
7297
3796
2161
1509
650
2261
6224
11274
10555
3418
3710
3691
3741
7424
1305
2495
4312
5317
2065
6598
1371
7474
478
25977
5156
1630
51715
1767
26229
604
5297
2821
1141
5318
89780
34
5914
2492
2779
2690
5657
659
10587
4841
2820
1230
488
8802
1109
10000
185
3199
6091
7415
3098
3356
150094
51750
4318
2741
23581
641
5290
4214
7840
51081
477
6891
841
207
154
3008
1785
54658
1277
2893
4481
208
238
29089
1299
2898
1719
6261
4486
29894
2554
6515
9380
7403
6572
114798
4153
2561
64241
5602
10815
3082
2892
3284
55112
